2024 128  0  156154.   3.9  529.
2024 128  1  136447.   3.6  507.
2024 128  2  123839.   3.7  529.
2024 128  3  132534.   3.7  538.
2024 128  4  167914.   3.1  531.
2024 128  5  164252.   2.4  510.
2024 128  6  153261.   2.9  524.
2024 128  7  145778.   2.9  525.
2024 128  8  142645.   3.0  534.
2024 128  9  121423.   2.4  512.
2024 128 10  110317.   2.2  515.
2024 128 11  115456.   2.2  515.
2024 128 12  136101.   2.6  520.
2024 128 13  119749.   2.5  511.
2024 128 14  122229.   2.3  508.
2024 128 15   97210.   2.2  497.
2024 128 16  115559.   2.5  509.
2024 128 17  161798.   2.9  516.
2024 128 18  105393.   2.6  519.
2024 128 19  106260.   2.6  518.
2024 128 20  140055.   2.7  536.
2024 128 21  142191.   2.8  528.
2024 128 22  141865.   2.5  504.
2024 128 23  127890.   2.5  493.
2024 129  0   95932.   2.7  522.
2024 129  1   96089.   2.6  516.
2024 129  2   99291.   2.8  494.
2024 129  3   96699.   2.7  487.
2024 129  4   94724.   2.7  487.
2024 129  5   98652.   2.7  479.
2024 129  6   95562.   2.7  474.
2024 129  7   97393.   2.8  478.
2024 129  8   84410.   2.7  478.
2024 129  9   85434.   2.6  491.
2024 129 10   85691.   2.6  484.
2024 129 11   85729.   2.7  462.
2024 129 12   83049.   2.7  471.
2024 129 13   80844.   2.7  459.
2024 129 14   81534.   2.8  468.
2024 129 15   78871.   3.0  469.
2024 129 16   56944.   2.7  478.
2024 129 17   52534.   2.7  473.
2024 129 18   57336.   2.8  468.
2024 129 19   54554.   2.8  469.
2024 129 20   66426.   2.9  460.
2024 129 21   68395.   2.8  458.
2024 129 22   78139.   2.8  457.
2024 129 23   80757.   2.9  459.
2024 130  0   86849.   3.0  462.
2024 130  1   83620.   3.0  460.
2024 130  2   86361.   3.0  460.
2024 130  3   84383.   3.0  460.
2024 130  4   88816.   3.0  461.
2024 130  5   84473.   3.1  457.
2024 130  6   84552.   3.0  457.
2024 130  7   80072.   3.1  447.
2024 130  8   72333.   3.0  438.
2024 130  9   74700.   3.2  437.
2024 130 10   73220.   3.2  435.
2024 130 11   65239.   3.1  430.
2024 130 12   63771.   3.0  422.
2024 130 13   58549.   3.1  421.
2024 130 14   58678.   3.2  423.
2024 130 15   65289.   3.9  424.
2024 130 16   55793.   3.9  415.
2024 130 17   52464.   4.0  413.
2024 130 18 9999999. 999.9 9999.
2024 130 19   50189.   7.4  425.
2024 130 20   39922.   7.8  422.
2024 130 21   39848.   7.3  417.
2024 130 22   83627.   5.9  424.
2024 130 23   58039.   5.5  417.
2024 131  0   61023.   5.4  410.
2024 131  1   61446.   5.5  398.
2024 131  2   53903.   6.6  425.
2024 131  3   31464.  10.5  430.
2024 131  4   53708.  12.0  432.
2024 131  5   58292.  11.3  430.
2024 131  6   64435.   9.0  422.
2024 131  7   54694.   9.3  416.
2024 131  8   51986.   8.5  412.
2024 131  9   59926.   8.0  415.
2024 131 10   72151.   4.3  421.
2024 131 11   74277.   3.5  423.
2024 131 12   87778.   2.9  409.
2024 131 13  102376.   3.2  411.
2024 131 14  119662.   5.1  446.
2024 131 15   56514.  14.2  455.
2024 131 16   49943.  15.6  449.
2024 131 17  365846.  29.1  571.
2024 131 18  871652.  32.9  697.
2024 131 19  963992.  35.2  664.
2024 131 20  303344.  48.1  702.
2024 131 21  192777.  32.6  697.
2024 131 22  217629.  20.1  729.
2024 131 23  127551.  20.2  740.
2024 132  0  424750.  14.7  742.
2024 132  1  533137.  25.2  732.
2024 132  2  416056.  38.4  738.
2024 132  3  217724.  17.5  748.
2024 132  4  183194.   8.4  704.
2024 132  5  217474.  19.9  700.
2024 132  6  397715.  31.7  692.
2024 132  7  384618.  33.9  689.
2024 132  8  351270.  22.6  709.
2024 132  9  192210.  13.1  691.
2024 132 10  345442.  32.8  691.
2024 132 11  526728.  17.8  759.
2024 132 12  145543.  12.5  809.
2024 132 13  102221.   8.5  804.
2024 132 14  103817.   7.9  770.
2024 132 15   78844.   7.5  793.
2024 132 16   68683.   5.2  785.
2024 132 17   96238.   4.5  796.
2024 132 18  172716.   8.3  863.
2024 132 19  456683.   8.5  880.
2024 132 20  382027.   7.0  896.
2024 132 21  252303.   8.1  894.
2024 132 22  190396.   7.0  887.
2024 132 23  758667.   1.7  882.
2024 133  0  630171.   2.0  938.
2024 133  1  206127.   2.5 1006.
2024 133  2   82940.   4.5  960.
2024 133  3   24903.   6.6  935.
2024 133  4   27470.   9.0  926.
2024 133  5   21688.   3.1  909.
2024 133  6   13036.   2.2  886.
2024 133  7   16024.   1.5  876.
2024 133  8  152116.   1.3  853.
2024 133  9   65402.   1.7  855.
2024 133 10  121802.   3.1  878.
2024 133 11  404251.   1.4  875.
2024 133 12  628208.   1.0  874.
2024 133 13  556381.   0.9  859.
2024 133 14  530791.   1.0  862.
2024 133 15  678631.   0.9  852.
2024 133 16  994196.   1.1  840.
2024 133 17 1235003.   1.4  854.
2024 133 18 1103747.   1.8  900.
2024 133 19  728125.   2.0  872.
2024 133 20  540616.   2.3  863.
2024 133 21  163092.   3.1  834.
2024 133 22  162215.   4.5  834.
2024 133 23  108901.   6.9  829.
