2025  60  0  182209.   2.7  703.
2025  60  1  156105.   2.5  687.
2025  60  2  191121.   3.6  708.
2025  60  3  246684.   4.1  713.
2025  60  4  244356.   4.2  711.
2025  60  5  247142.   4.4  711.
2025  60  6  220069.   4.5  695.
2025  60  7  184112.   4.8  688.
2025  60  8  195185.   5.0  691.
2025  60  9  183613.   5.1  680.
2025  60 10  224272.   5.0  687.
2025  60 11  228195.   4.6  707.
2025  60 12  220897.   4.2  691.
2025  60 13  260344.   3.8  680.
2025  60 14  276673.   3.0  701.
2025  60 15  227088.   2.8  682.
2025  60 16  196038.   2.8  678.
2025  60 17  197704.   3.3  643.
2025  60 18  215822.   3.2  658.
2025  60 19  219946.   3.0  666.
2025  60 20  207382.   2.3  658.
2025  60 21  190338.   2.3  646.
2025  60 22  178877.   2.0  638.
2025  60 23  199156.   1.8  619.
2025  61  0  134685.   2.2  601.
2025  61  1 9999999. 999.9 9999.
2025  61  2 9999999. 999.9 9999.
2025  61  3 9999999. 999.9 9999.
2025  61  4 9999999. 999.9 9999.
2025  61  5 9999999. 999.9 9999.
2025  61  6 9999999. 999.9 9999.
2025  61  7 9999999. 999.9 9999.
2025  61  8 9999999. 999.9 9999.
2025  61  9 9999999. 999.9 9999.
2025  61 10 9999999. 999.9 9999.
2025  61 11 9999999. 999.9 9999.
2025  61 12 9999999. 999.9 9999.
2025  61 13 9999999. 999.9 9999.
2025  61 14 9999999. 999.9 9999.
2025  61 15 9999999. 999.9 9999.
2025  61 16 9999999. 999.9 9999.
2025  61 17 9999999. 999.9 9999.
2025  61 18 9999999. 999.9 9999.
2025  61 19 9999999. 999.9 9999.
2025  61 20 9999999. 999.9 9999.
2025  61 21 9999999. 999.9 9999.
2025  61 22 9999999. 999.9 9999.
2025  61 23 9999999. 999.9 9999.
2025  62  0 9999999. 999.9 9999.
2025  62  1 9999999. 999.9 9999.
2025  62  2 9999999. 999.9 9999.
2025  62  3 9999999. 999.9 9999.
2025  62  4 9999999. 999.9 9999.
2025  62  5 9999999. 999.9 9999.
2025  62  6 9999999. 999.9 9999.
2025  62  7 9999999. 999.9 9999.
2025  62  8 9999999. 999.9 9999.
2025  62  9 9999999. 999.9 9999.
2025  62 10 9999999. 999.9 9999.
2025  62 11 9999999. 999.9 9999.
2025  62 12 9999999. 999.9 9999.
2025  62 13 9999999. 999.9 9999.
2025  62 14 9999999. 999.9 9999.
2025  62 15 9999999. 999.9 9999.
2025  62 16 9999999. 999.9 9999.
2025  62 17 9999999. 999.9 9999.
2025  62 18 9999999. 999.9 9999.
2025  62 19 9999999. 999.9 9999.
2025  62 20 9999999. 999.9 9999.
2025  62 21 9999999. 999.9 9999.
2025  62 22 9999999. 999.9 9999.
2025  62 23 9999999. 999.9 9999.
2025  63  0 9999999. 999.9 9999.
2025  63  1 9999999. 999.9 9999.
2025  63  2 9999999. 999.9 9999.
2025  63  3 9999999. 999.9 9999.
2025  63  4 9999999. 999.9 9999.
2025  63  5 9999999. 999.9 9999.
2025  63  6 9999999. 999.9 9999.
2025  63  7 9999999. 999.9 9999.
2025  63  8 9999999. 999.9 9999.
2025  63  9 9999999. 999.9 9999.
2025  63 10 9999999. 999.9 9999.
2025  63 11 9999999. 999.9 9999.
2025  63 12 9999999. 999.9 9999.
2025  63 13 9999999. 999.9 9999.
2025  63 14 9999999. 999.9 9999.
2025  63 15 9999999. 999.9 9999.
2025  63 16 9999999. 999.9 9999.
2025  63 17 9999999. 999.9 9999.
2025  63 18 9999999. 999.9 9999.
2025  63 19 9999999. 999.9 9999.
2025  63 20 9999999. 999.9 9999.
2025  63 21 9999999. 999.9 9999.
2025  63 22 9999999. 999.9 9999.
2025  63 23 9999999. 999.9 9999.
2025  64  0 9999999. 999.9 9999.
2025  64  1 9999999. 999.9 9999.
2025  64  2 9999999. 999.9 9999.
2025  64  3 9999999. 999.9 9999.
2025  64  4 9999999. 999.9 9999.
2025  64  5 9999999. 999.9 9999.
2025  64  6 9999999. 999.9 9999.
2025  64  7 9999999. 999.9 9999.
2025  64  8 9999999. 999.9 9999.
2025  64  9 9999999. 999.9 9999.
2025  64 10 9999999. 999.9 9999.
2025  64 11 9999999. 999.9 9999.
2025  64 12 9999999. 999.9 9999.
2025  64 13 9999999. 999.9 9999.
2025  64 14 9999999. 999.9 9999.
2025  64 15 9999999. 999.9 9999.
2025  64 16 9999999. 999.9 9999.
2025  64 17 9999999. 999.9 9999.
2025  64 18 9999999. 999.9 9999.
2025  64 19 9999999. 999.9 9999.
2025  64 20 9999999. 999.9 9999.
2025  64 21 9999999. 999.9 9999.
2025  64 22 9999999. 999.9 9999.
2025  64 23 9999999. 999.9 9999.
